58
7115
7173
5878
8123
8675
8832
#80
--END--
r
e
c
a
l
l
@
Starting Dump :
0
58
4647
4720
1354
2460
2615
2741
2887
3302
3458
3862
4004
4144
4300
4433
4571
4704
4846
4986
5140
5539
5688
6116
6256
6670
6826
6959
7097
7512
7669
7794
7939
8354
8510
8914
9057
9197
9352
9485
9624
10038
10195
10328
10466
10880
11037
11162
11308
11441
11583
11723
11878
12012
12150
12565
12721
12846
12992
13406
13563
13696
13834
14248
14391
14809
14951
15380
15518
15933
16089
#72
--END--
0
@
Starting Dump :
0
#1
--END--
0
@
Starting Dump :
0
2250
3372
3513
3645
3794
4215
4355
4768
4924
5057
5197
5329
5478
5611
5765
5892
6039
6452
6609
7013
7163
7583
7723
7855
8005
8425
8565
8698
8847
9267
9407
9821
9977
10109
10249
10381
10531
10663
10819
10952
11091
11223
11373
11506
11647
11794
11934
12066
12215
12347
12502
12907
13057
13478
13617
14031
14173
14591
14741
15161
15302
15715
15870
16275
16425
16845
16986
27222
29477
30030
30172
#72
--END--
c
h
+
@
Starting Dump :
0
2267
3369
3530
3663
3801
4216
4372
4777
4919
5059
5214
5347
5486
5620
5761
5901
6057
6461
6603
7032
7171
7585
7741
7874
8014
8428
8584
8717
8856
9270
9426
9830
9972
10113
10268
10673
10815
11243
11383
11516
11657
12086
12225
12358
12499
12640
12795
12928
13067
13200
13342
13482
13637
13771
13910
14324
14479
14613
14752
15166
15322
15727
15869
16298
16436
16851
17007
27247
29492
30045
30200
#72
--END--
v
o
l
+
@
Starting Dump :
0
2258
3371
3521
3654
3795
4213
4363
4783
4923
5056
5205
5337
5479
5626
5765
5903
6047
6468
6607
7021
7177
7581
7731
7863
8017
8423
8573
8705
8846
9265
9414
9835
9975
10107
10256
10389
10530
10678
10817
11230
11385
11790
11940
12073
12214
12361
12501
12633
12782
12914
13056
13474
13624
14044
14184
14316
14466
14598
14739
15158
15307
15728
15868
16281
16436
16842
16991
27226
29487
30040
30181
#72
--END--
t
e
l
e
t
e
x
t
@
Starting Dump :
0
2255
3379
3518
3651
3792
4221
4360
4774
4930
5064
5202
5335
5476
5617
5772
5905
6044
6458
6615
7019
7160
7588
7728
7861
8002
8431
8569
8703
8844
9272
9412
9826
9982
10115
10253
10668
10824
11228
11370
11510
11665
12070
12212
12641
12780
12919
13054
13194
13350
13483
13622
13755
13896
14036
14192
14596
14738
14878
15033
15167
15305
15720
15876
16280
16422
16851
16990
27225
29472
30033
30189
#72
--END--
r
e
c
@
Starting Dump :
0
2252
3373
3514
3661
3801
4215
4370
4775
4925
5057
5199
5345
5485
5618
5767
5899
6040
6459
6609
7029
7169
7582
7738
7871
8011
8424
8566
8713
8853
9266
9421
9827
9976
10109
10250
10669
10818
10951
11092
11511
11660
12081
12221
12634
12788
12923
13063
13201
13344
13477
13618
13765
13905
14318
14460
14607
14747
14879
15028
15161
15302
15721
15871
16291
16431
16844
16986
27236
29482
30034
30184
#72
--END--
c
h
-
@
Starting Dump :
0
2258
3372
3521
3654
3809
4214
4363
4784
4924
5057
5205
5338
5479
5626
5766
5899
6047
6468
6608
7022
7177
7582
7731
7864
8005
8423
8573
8706
8847
9265
9415
9836
9975
10108
10257
10678
10817
10950
11098
11519
11659
11792
11940
12361
12501
12633
12782
12915
13056
13203
13343
13475
13624
14045
14185
14317
14466
14887
15027
15159
15308
15729
15869
16282
16424
16842
16992
27227
29482
30042
30182
#72
--END--
v
o
l
-
@
Starting Dump :
0
2249
3371
3511
3644
3793
4213
4353
4767
4916
5055
5195
5328
5476
5609
5757
5897
6037
6450
6599
7010
7160
7580
7720
7853
8002
8422
8562
8694
8843
9264
9404
9817
9966
10106
10246
10378
10527
10660
10801
10948
11088
11501
11650
12061
12211
12344
12492
12632
12772
12904
13053
13473
13613
14027
14175
14587
14736
14869
15010
15157
15297
15710
15859
16270
16420
16840
16980
27214
29469
30022
30171
#72
--END--
s
t
o
p
@
Starting Dump :
0
2268
3376
3532
3665
3804
4219
4375
4780
4922
5062
5218
5352
5489
5623
5778
5905
6060
6466
6608
7037
7176
7590
7747
7880
8019
8433
8589
8723
8861
9276
9433
9837
9979
10120
10275
10408
10548
10962
11118
11523
11665
12094
12233
12367
12508
12649
12804
12937
13077
13209
13351
13780
13919
14052
14194
14335
14490
14624
14762
15177
15333
15738
15880
16309
16448
16863
17019
27268
29515
30069
30211
#72
--END--
p
a
u
s
e
@
Starting Dump :
0
#1
--END--
p
a
u
s
e
@
Starting Dump :
0
2260
3375
3517
3658
3813
4218
4367
4789
4929
5061
5203
5344
5499
5632
5772
5904
6053
6475
6614
7029
7185
7590
7731
7872
8027
8432
8574
8715
8870
9275
9417
9846
9985
10119
10260
10401
10555
10961
11110
11532
11671
12086
12241
12647
12789
12929
13084
13218
13357
13496
13639
14060
14200
14333
14481
14615
14769
14904
15043
15176
15324
15746
15886
16300
16455
16860
17010
27256
29519
30073
30213
#72
--END--
s
o
u
r
c
e
@
Starting Dump :
0
2259
3383
3524
3656
3805
4220
4367
4781
4930
5063
5210
5343
5492
5625
5773
5907
6053
6467
6617
7028
7178
7593
7740
7872
8021
8436
8583
8715
8864
9285
9426
9840
9989
10129
10269
10683
10832
11244
11394
11815
11955
12369
12518
12658
12798
12930
13080
13213
13361
13495
13641
13774
13923
14056
14205
14344
14484
14617
14766
15180
15327
15741
15891
16302
16452
16867
17014
27263
29521
30075
30225
#72
--END--
f
a
v
@
Starting Dump :
0
2266
3373
3529
3662
3802
4216
4370
4776
4925
5058
5213
5347
5486
5619
5767
5901
6056
6460
6610
7031
7170
7585
7740
7874
8013
8427
8582
8716
8855
9269
9424
9829
9979
10112
10253
10400
10540
10954
11095
11243
11382
11796
11951
12356
12506
12639
12780
12927
13066
13199
13348
13769
13909
14041
14190
14611
14751
14884
15032
15166
15306
15725
15875
16296
16435
16849
16998
27237
29490
30043
30192
#72
--END--
