m
u
t
e
@

Starting Dump :

0

2265
3371
3527
3653
3798
4213
4369
4772
4929
5055
5211
5336
5481
5615
5770
5897
6053
6456
6612
7019
7165
7580
7736
7861
8007
8421
8578
8703
8848
9263
9419
9823
9979
10105
10261
10665
10821
11228
11374
11507
11654
11789
11945
12348
12504
12631
12786
12912
13057
13190
13339
13472
13628
13754
13899
14314
14470
14873
15023
15156
15312
15715
15863
16279
16424
16839
16995
27221
29472
30026
30175
#72
--END--
e
p
g
@

Starting Dump :

0

2257
3371
3520
3653
3808
4212
4355
4783
4922
5055
5203
5336
5478
5625
5764
5896
6045
6466
6606
7019
7175
7579
7721
7861
8016
8420
8570
8703
8844
9262
9412
9833
9972
10105
10254
10674
10814
10946
11088
11228
11382
11517
11656
12069
12211
12358
12498
12630
12779
12912
13053
13200
13339
13753
13909
14313
14462
14883
15023
15156
15305
15725
15865
16279
16420
16838
16988
#68
--END--
e
p
g
@

Starting Dump :

0

2264
3371
3527
3653
3783
4213
4369
4773
4915
5055
5209
5336
5467
5615
5757
5897
6052
6456
6598
7019
7150
7580
7736
7861
7992
8421
8563
8703
8834
9263
9419
9823
9965
10105
10260
10665
10807
10947
11102
11228
11359
11508
11649
12070
12201
12349
12490
12630
12786
12912
13042
13191
13332
13753
13884
14313
14469
14873
15016
15156
15310
15715
15857
16278
16409
16838
16994
27218
29454
30022
30165
#72
--END--
l
i
v
e
@

Starting Dump :

0

2265
3372
3528
3654
3795
4214
4356
4777
4908
5056
5198
5338
5493
5619
5750
5898
6054
6468
6592
7021
7177
7581
7724
7864
8019
8423
8566
8706
8862
9265
9408
9829
9960
10108
10250
10389
10531
10671
10802
11231
11387
11791
11934
12355
12486
12640
12776
12916
13057
13197
13328
13757
13913
14318
14460
14600
14755
14881
15012
15160
15302
15731
15854
16283
16439
16844
16986
#68
--END--
l
i
v
e
@

Starting Dump :

0

2265
3372
3513
3660
3799
4213
4368
4773
4922
5055
5210
5344
5483
5615
5764
5897
6038
6457
6606
7027
7167
7580
7735
7869
8008
8422
8563
8711
8850
9264
9405
9824
9973
10106
10247
10394
10533
10666
10814
11236
11375
11789
11943
12349
12498
12631
12772
12920
13058
13192
13340
13761
13900
14314
14469
14603
14742
14875
15023
15157
15310
15716
15865
16286
16426
16840
16981
27229
29473
30026
30168
#72
--END--
p
o
w
e
r
@

Starting Dump :

0

2258
3371
3521
3654
3802
4213
4363
4783
4923
5055
5204
5337
5486
5618
5765
5897
6046
6467
6607
7020
7169
7580
7730
7863
8011
8422
8572
8704
8853
9264
9413
9834
9974
10106
10255
10388
10537
10948
11097
11230
11379
11518
11658
12071
12220
12360
12499
12632
12781
12914
13062
13473
13630
13756
13904
14315
14464
14885
15025
15157
15306
15720
15867
16281
16438
16841
16990
27224
29486
30031
30177
#72
--END--
1
@

Starting Dump :

0

2253
3371
3516
3650
3799
4213
4357
4773
4924
5055
5199
5333
5483
5615
5765
5897
6041
6457
6607
7016
7166
7580
7724
7858
8008
8422
8566
8700
8850
9263
9409
9823
9974
10105
10250
10665
10816
10947
11092
11225
11375
11507
11658
11789
11934
12067
12217
12349
12499
12631
12776
12915
13059
13472
13618
14032
14183
14592
14742
15156
15301
15716
15867
16276
16426
16840
16985
27218
29473
30026
30177
#72
--END--
2
@

Starting Dump :

0

2265
3371
3526
3660
3799
4213
4355
4773
4923
5055
5197
5343
5483
5616
5764
5897
6052
6457
6599
7027
7166
7580
7722
7869
8008
8422
8578
8711
8850
9264
9420
9824
9974
10106
10248
10395
10534
10948
11104
11237
11376
11509
11658
11790
11932
12079
12218
12350
12499
12632
12787
13191
13341
13474
13615
14033
14183
14603
14743
15157
15313
15717
15859
16287
16427
16840
16982
27229
29474
30027
30169
#72
--END--
3
@

Starting Dump :

0

2257
3371
3519
3653
3809
4213
4369
4776
4922
5056
5211
5337
5493
5619
5764
5897
6053
6460
6606
7020
7177
7580
7736
7863
8019
8422
8578
8704
8860
9264
9420
9827
9973
10106
10254
10669
10815
11229
11386
11511
11657
11790
11937
12071
12227
12353
12498
12631
12779
12913
13069
13195
13340
13473
13629
14036
14182
14596
14753
15156
15304
15720
15865
16280
16436
16839
16996
27221
29474
30028
30174
#72
--END--
4
@

Starting Dump :

0

2240
3372
3503
3651
3795
4214
4345
4775
4930
5056
5187
5335
5479
5617
5767
5899
6029
6459
6614
7019
7163
7583
7713
7861
8005
8425
8555
8703
8847
9267
9397
9827
9983
10109
10240
10388
10532
10670
10824
11229
11373
11512
11666
11793
11923
12072
12215
12354
12508
12635
12766
13195
13350
13755
13899
14038
14193
14597
14741
15161
15292
15721
15876
16281
16426
16845
16976
27228
29476
30035
30190
#72
--END--
5
@

Starting Dump :

0

2265
3372
3528
3661
3800
4214
4369
4774
4923
5056
5197
5345
5484
5617
5765
5898
6039
6458
6607
7028
7168
7582
7723
7870
8009
8424
8580
8712
8851
9265
9422
9826
9968
10108
10262
10667
10809
10950
11103
11509
11658
11792
11932
12079
12219
12352
12500
12634
12788
12922
13061
13194
13342
13763
13903
14036
14184
14605
14745
15159
15314
15719
15868
16289
16429
16842
16984
27233
29477
30030
30179
#72
--END--
6
@

Starting Dump :

0

2259
3372
3521
3655
3803
4214
4363
4778
4924
5057
5205
5339
5487
5620
5766
5899
6047
6462
6608
7022
7171
7582
7731
7864
8013
8424
8573
8706
8855
9266
9415
9829
9976
10108
10257
10390
10539
10950
11099
11513
11660
11792
11941
12074
12231
12355
12502
12634
12783
12916
13073
13475
13625
13758
13906
14039
14186
14599
14748
15159
15309
15723
15869
16283
16441
16843
17000
27226
29480
30033
30179
#72
--END--
7
@

Starting Dump :

0

2254
3372
3524
3651
3794
4214
4365
4774
4924
5056
5208
5335
5478
5617
5766
5898
6050
6458
6608
7018
7162
7582
7734
7861
8004
8424
8575
8703
8846
9266
9418
9826
9976
10108
10260
10668
10818
11228
11372
11792
11944
12071
12214
12353
12502
12634
12786
12913
13056
13195
13344
13476
13628
13755
13898
14037
14186
14596
14740
15160
15312
15721
15870
16280
16424
16844
16996
27226
29475
30035
30185
#72
--END--
8
@

Starting Dump :

0

2260
3371
3522
3653
3798
4213
4364
4773
4923
5055
5206
5337
5482
5615
5766
5898
6048
6457
6608
7021
7167
7581
7732
7863
8008
8423
8574
8705
8850
9264
9416
9824
9975
10107
10258
10389
10534
10667
10817
10949
11100
11508
11659
11791
11942
12072
12218
12351
12501
12633
12784
13192
13343
13756
13902
14316
14468
14598
14743
15158
15310
15718
15869
16282
16428
16842
16993
27226
29476
30030
30180
#72
--END--
9
@

Starting Dump :

0

2257
3373
3521
3655
3811
4215
4363
4778
4923
5057
5205
5339
5495
5620
5765
5899
6033
6462
6607
7022
7178
7582
7717
7865
8020
8424
8573
8707
8856
9266
9415
9830
9975
10109
10258
10672
10817
10950
11100
11233
11382
11792
11942
12075
12225
12356
12501
12634
12783
12917
13067
13198
13342
13758
13909
14318
14468
14601
14751
15160
15309
15723
15869
16284
16435
16844
16994
27228
29490
30036
30181
#72
--END--
0
@

Starting Dump :

0

2254
3370
3516
3649
3799
4212
4358
4772
4923
5054
5200
5332
5482
5614
5765
5896
6041
6455
6607
7015
7165
7579
7724
7857
8007
8420
8566
8699
8849
9262
9408
9822
9973
10104
10250
10382
10532
10664
10815
10946
11091
11224
11374
11506
11657
11787
11933
12066
12216
12348
12498
12907
13058
13471
13617
14031
14182
14590
14741
15154
15300
15714
15866
16274
16425
16838
16984
27216
29471
30023
30174
#72
--END--
s
t
e
r
e
o
@

Starting Dump :

0

2259
3371
3522
3653
3797
4213
4364
4773
4923
5055
5205
5337
5482
5615
5764
5897
6047
6456
6606
7020
7164
7580
7731
7862
8007
8422
8572
8704
8848
9264
9414
9823
9973
10106
10256
10665
10815
10948
11098
11507
11657
12071
12216
12349
12499
12631
12782
12913
13057
13191
13341
13473
13623
14032
14183
14315
14465
14597
14741
15156
15307
15716
15866
16280
16425
16840
16991
27223
29473
30028
30177
#72
--END--
s
n
p
a
@

Starting Dump :

0

2258
3371
3521
3653
3803
4212
4363
4776
4921
5055
5204
5337
5487
5618
5762
5896
6046
6459
6604
7019
7170
7580
7729
7862
8012
8421
8571
8704
8854
9263
9413
9827
9972
10105
10255
10668
10813
10947
11096
11229
11380
11788
11938
12352
12497
12630
12780
12912
13063
13194
13339
13472
13621
14035
14180
14595
14747
14877
15022
15156
15305
15719
15864
16279
16430
16839
16989
27221
29477
30028
30173
#72
--END--
z
o
o
m
@

Starting Dump :

0

2255
3372
3518
3651
3785
4214
4360
4775
4924
5057
5202
5341
5470
5617
5766
5899
6044
6459
6609
7019
7154
7583
7729
7861
8008
8425
8570
8703
8851
9267
9413
9827
9977
10109
10255
10388
10535
10670
10819
10951
11097
11230
11378
11793
11944
12072
12220
12354
12503
12636
12781
13196
13346
13756
13904
14320
14471
14880
15030
15162
15313
15722
15872
16282
16431
16846
16997
27227
29483
30036
30187
#72
--END--
r
c
a
l
l
@

Starting Dump :

0

2257
3371
3520
3653
3799
4213
4370
4773
4922
5056
5204
5337
5483
5616
5764
5898
6046
6457
6606
7020
7167
7580
7730
7862
8009
8422
8571
8704
8851
9264
9413
9824
9974
10107
10255
10388
10534
10948
11097
11230
11376
11790
11939
12072
12218
12351
12499
12633
12789
12914
13060
13474
13631
13762
13902
14316
14473
14598
14744
15158
15315
15717
15875
16281
16428
16842
16999
27226
29477
30029
30179
#72
--END--
c
h
+
@

Starting Dump :

0

2258
3367
3521
3654
3804
4213
4363
4777
4921
5055
5205
5337
5487
5619
5763
5897
6045
6460
6605
7020
7171
7580
7729
7863
8013
8422
8572
8704
8855
9263
9413
9827
9972
10112
10255
10669
10814
11229
11380
11511
11656
12071
12222
12353
12498
12631
12780
12913
13063
13195
13339
13473
13622
13755
13905
14314
14464
14597
14747
15156
15305
15720
15865
16280
16431
16840
16990
27223
29485
30031
30176
#72
--END--
c
h
-
@

Starting Dump :

0

2249
3371
3511
3644
3793
4213
4353
4766
4908
5055
5195
5327
5476
5608
5750
5896
6036
6449
6604
7010
7159
7580
7719
7852
8001
8421
8561
8693
8843
9263
9403
9816
9971
10105
10245
10658
10813
10947
11086
11500
11642
11788
11928
12341
12497
12630
12770
12902
13051
13184
13338
13472
13612
14025
14167
14314
14453
14867
15009
15155
15295
15708
15851
16269
16418
16839
16979
27211
29465
30018
30174
#72
--END--
v
o
l
+
@

Starting Dump :

0

2257
3371
3520
3660
3799
4213
4362
4773
4923
5056
5204
5344
5483
5616
5764
5898
6046
6457
6606
7027
7167
7581
7729
7869
8009
8423
8571
8711
8850
9264
9413
9825
9974
10107
10255
10395
10534
10667
10815
11236
11376
11790
11939
12078
12218
12351
12499
12632
12780
12921
13060
13474
13622
14034
14183
14316
14464
14597
14743
15157
15306
15717
15866
16288
16427
16841
16990
27231
29475
30028
30177
#72
--END--
v
o
l
-
@

Starting Dump :

0

2251
3370
3513
3653
3808
4212
4355
4782
4922
5054
5196
5336
5492
5624
5764
5896
6038
6466
6606
7019
7175
7579
7721
7861
8016
8420
8563
8703
8858
9262
9405
9832
9973
10105
10247
10386
10542
10676
10814
10947
11089
11517
11656
12070
12226
12358
12498
12630
12772
12912
13067
13471
13614
14041
14181
14595
14751
14884
15023
15156
15297
15725
15864
16278
16434
16838
16981
27220
29479
30033
30174
#72
--END--
t
t
x
@

Starting Dump :

0

2248
3372
3511
3644
3785
4214
4353
4767
4923
5056
5195
5328
5469
5610
5765
5898
6037
6451
6607
7011
7153
7582
7721
7854
7995
8424
8563
8702
8837
9259
9405
9819
9975
10108
10247
10661
10816
11221
11363
11504
11658
12063
12205
12626
12772
12906
13047
13187
13328
13476
13614
13748
13889
14029
14184
14589
14731
14871
15026
15159
15298
15712
15868
16272
16414
16843
16982
27217
29464
30025
30181
#72
--END--
r
e
c
@

Starting Dump :

0

2251
3371
3527
3660
3800
4213
4369
4773
4923
5055
5197
5343
5483
5615
5765
5897
6039
6457
6607
7027
7167
7580
7735
7869
8009
8422
8564
8711
8851
9264
9406
9824
9974
10106
10248
10666
10816
10948
11090
11508
11657
12078
12218
12631
12786
12920
13059
13192
13341
13473
13628
13762
13902
14315
14457
14604
14743
14881
15025
15157
15311
15717
15867
16287
16427
16840
16995
27229
29474
30027
30177
#72
--END--
s
t
o
p
@

Starting Dump :

0

2257
3371
3506
3654
3803
4213
4348
4777
4923
5055
5190
5337
5487
5619
5764
5898
6032
6461
6606
7021
7171
7581
7715
7863
8012
8422
8557
8705
8854
9265
9407
9828
9974
10107
10241
10389
10538
10948
11090
11512
11657
12072
12221
12353
12499
12632
12774
12914
13063
13195
13341
13755
13905
14037
14183
14315
14450
14598
14747
15157
15299
15721
15867
16281
16431
16841
16976
27224
29480
30032
30183
#72
--END--
p
a
u
s
e
@

Starting Dump :

0

2248
3370
3510
3643
3792
4212
4352
4765
4908
5054
5194
5326
5475
5608
5757
5896
6036
6449
6598
7009
7159
7579
7719
7851
8001
8421
8561
8693
8842
9263
9403
9816
9966
10105
10245
10377
10526
10946
11086
11500
11649
12060
12210
12623
12770
12902
13051
13184
13333
13472
13612
14025
14174
14314
14454
14586
14735
14868
15016
15155
15295
15708
15858
16269
16419
16839
16979
27213
29468
30021
30163
#72
--END--
s
r
c
@

Starting Dump :

0

2265
3372
3528
3653
3798
4213
4364
4773
4923
5056
5206
5337
5482
5615
5765
5897
6047
6457
6607
7021
7166
7580
7731
7863
8007
8422
8573
8704
8855
9264
9414
9824
9973
10106
10256
10665
10814
11229
11380
11789
11939
12349
12498
12632
12781
12913
13059
13192
13326
13473
13623
13755
13901
14033
14168
14316
14465
14597
14742
15157
15307
15717
15852
16281
16427
16841
16991
27225
29476
30029
30179
#72
--END--
f
a
v
@

Starting Dump :

0

2258
3371
3520
3653
3810
4212
4362
4776
4922
5061
5203
5337
5485
5618
5764
5897
6045
6460
6606
7020
7177
7580
7729
7862
8010
8421
8571
8704
8852
9263
9412
9826
9973
10105
10254
10387
10535
10946
11096
11229
11377
11788
11937
12358
12498
12630
12779
12912
13069
13200
13340
13753
13911
14035
14182
14595
14744
14877
15023
15156
15304
15718
15865
16278
16427
16838
16988
27221
29475
30028
30175
#72
--END--
